rs4882760	12	128913894	7.3672846374
rs189163756	2	143370827	6.9168594431
rs146838217	10	120542718	6.514000487
rs1141090	11	13033155	6.4390752335
rs1141090	11	13033155	6.4390752335
rs1141090	11	13033155	6.4390752335
rs1141090	11	13033155	6.4390752335
rs147499660	10	120555788	6.4298670314
rs9731823	10	120555446	6.4249877564
rs2420485	10	120553702	6.4140927972
rs146542942	10	120556111	6.3980442519
rs9325557	10	120555526	6.3556027739
rs4757093	11	13040161	6.3272834823
rs12270319	11	13044082	6.3098384876
rs7106043	11	13044773	6.2738941215
rs7106043	11	13044773	6.2738941215
rs7106043	11	13044773	6.2738941215
rs7106043	11	13044773	6.2738941215
rs200043175	10	120553643	6.2512167772
rs10766024	11	13047519	6.2049400095
rs7077617	10	120551276	5.825297807
rs138903069	4	108748195	5.8068893216
rs77611393	18	76090672	5.7901366173
rs34763855	2	143374619	5.7398713462
rs12027701	1	67048496	5.7293467798
rs75808455	18	76068752	5.7119699897
rs1900105	1	67050807	5.7085645451
rs4655629	1	67054236	5.6919309859
rs11208915	1	67057169	5.6709867483
rs35939197	1	67046342	5.6597363829
rs11096690	2	16406661	5.6418766187
rs56299781	3	106939017	5.6329144322
rs12049347	1	67061496	5.6295812923
rs201970929	2	143340886	5.6005253037
rs12037314	1	67063174	5.586344897
rs35156185	1	67064808	5.5536803453
rs181018444	10	94025566	5.5405366436
rs7096525	10	120548139	5.5074407457
rs7096525	10	120548139	5.5074407457
rs7096525	10	120548139	5.5074407457
rs7096525	10	120548139	5.5074407457
rs142927127		67908758	5.5072410074
rs111491360	10	120553630	5.5035311698
rs202099584	3	82967603	5.4924220578
rs1528303	3	106928840	5.4624151094
rs28391158	7	21210208	5.4596505006
rs147584846	11	62098621	5.4592064411
rs142650121		12365642	5.4587528437
rs6585508	10	120562874	5.4584132683
rs12358305	10	120567285	5.4531465324
rs200807743	2	16388630	5.4412530405
rs5774825	1	67059889	5.4346268602
rs75724209	2	143329744	5.4264426613
rs257923	5	128394481	5.4227897786
rs13002094	2	143329370	5.4112376775
rs10496929	2	143332221	5.4045776366
rs16857625	2	143332154	5.403811003
rs150035131	3	82771722	5.4014447542
rs35609898	2	143333955	5.3949008345
rs10496928	2	143334041	5.391681536
rs13000104	2	143334339	5.3892227635
rs13000735	2	143334655	5.382924136
rs12355601	10	120567703	5.3806478402
rs12135797	1	67122203	5.3705791869
rs67288698	2	143336965	5.3574335957
rs13030278	2	143335315	5.3546386541
rs13007847	2	143335656	5.3517639514
rs7082048	10	120564253	5.3468975214
rs58798949	10	120564286	5.3425960858
rs4655637	1	67077039	5.3415278276
rs34456273	2	143349097	5.3390643578
rs16857654	2	143342213	5.3386966554
rs201050908	5	127955848	5.3364686804
rs112672070		12385163	5.3353298244
rs5834916	2	143338372	5.3304330304
rs140210130	10	120555797	5.3291217255
rs75475965	3	83086771	5.3251700782
rs16857669	2	143348738	5.3250745921
rs34402826	2	143351935	5.324780003
rs12999976	2	143350673	5.3240411979
rs16857658	2	143346503	5.3217120311
rs1026067	2	143346363	5.3210366289
rs1026068	2	143346226	5.3203486537
rs11981666	7	151523280	5.3174984248
rs35825513	2	143339770	5.3156169952
rs76891664	2	143354362	5.3134289692
rs13019977	2	143342733	5.3122383478
rs34072913	2	143342477	5.3087929256
rs145495269	2	143340888	5.3064506734
rs12253150	10	120558869	5.3038953478
rs6710160	2	143340724	5.3016262568
rs6710160	2	143340724	5.3016262568
rs6710160	2	143340724	5.3016262568
rs6710160	2	143340724	5.3016262568
rs35186809	2	143351545	5.300293189
rs11595332	10	120564785	5.2938739095
rs1374578	2	143351752	5.2864011068
rs1374578	2	143351752	5.2864011068
rs1374578	2	143351752	5.2864011068
rs1374578	2	143351752	5.2864011068
rs35950450	2	143351667	5.2860535611
rs66811603	2	143351461	5.2841879551
rs66712650	2	143351314	5.2822138669
rs754060	10	120570464	5.2816203958
rs35903534	2	143351087	5.281301553
rs13001800	2	143352076	5.2783369216
rs16857670	2	143350208	5.275608607
rs13019548	2	143351790	5.2751067241
rs80095241	7	149561754	5.2714538722
rs9787184	1	67079741	5.2711205123
rs34755021	2	143353988	5.2693000705
rs13025849	2	143352447	5.2687715505
rs35580061	2	143354405	5.2658621139
rs6731108	2	143352621	5.2645040978
rs6716330	2	143353011	5.2627628166
rs6731218	2	143352730	5.2623637445
rs4832545	2	16402098	5.2601508711
rs117814203	17	6313076	5.2588752005
rs6744563	2	143352997	5.2560491096
rs6734391	2	143353150	5.2496999313
rs17619135	18	14071464	5.2490729404
rs1283093	3	106950730	5.2484768664
rs13010142	2	143332453	5.2481676002
rs13026026	2	143352550	5.2480814756
rs111381794		12354170	5.2465080989
rs35329601	2	143353596	5.2455652727
rs17129280	1	67124045	5.2438166762
rs35098128	2	143353797	5.2411176164
rs4655499	1	67077632	5.2409496699
rs34657169	2	143353878	5.2368663781
rs35377023	1	67138877	5.2320734814
rs4655500	1	67078077	5.2303310264
rs34835796	2	143354178	5.2303096221
rs4655501	1	67078709	5.2265500076
rs4428858	1	67080834	5.2248885674
rs146709169	7	151523316	5.2243953766
rs10443224	1	67074053	5.2217988086
rs67065861	2	16387108	5.2210128139
rs12045543	1	67073063	5.2207066106
rs35359849	2	143354871	5.2198404454
rs35167972	2	143356287	5.2182345757
rs35338486	2	143354878	5.2176449236
rs7603747	2	16395528	5.2141799026
rs12128496	1	67034751	5.2133600043
rs149867691	7	151526868	5.2125239393
rs13407911	2	200038824	5.2112103392
rs1570814	1	67124943	5.2102028995
rs1570814	1	67124943	5.2102028995
rs1570814	1	67124943	5.2102028995
rs1570814	1	67124943	5.2102028995
rs12993547	2	143342532	5.2101211652
rs12997210	2	143355104	5.2088513293
rs34007277	1	67080275	5.2085437508
rs149815312	2	143375045	5.2065141471
rs141745166	7	151527708	5.2017520749
rs4233317	1	67080961	5.2011864384
rs144555773	6	8808054	5.2005953451
rs35974533	2	143356512	5.199573694
rs1374583	2	143357786	5.1993970077
rs13419791	2	200038822	5.1993647032
rs16857678	2	143357776	5.1982773756
rs4655502	1	67081062	5.1980518765
rs6756946	2	143356018	5.1977402088
rs6728508	2	143355887	5.1977128202
rs6728508	2	143355887	5.1977128202
rs6728508	2	143355887	5.1977128202
rs6728508	2	143355887	5.1977128202
rs4146078	2	143356903	5.197473243
rs4146077	2	143356687	5.1974677685
rs4146077	2	143356687	5.1974677685
rs4146077	2	143356687	5.1974677685
rs4146077	2	143356687	5.1974677685
rs11971875	7	21187458	5.1966958704
rs12729740	1	67068051	5.1938017046
rs12135689	1	67067629	5.1933242634
rs12725322	1	67034138	5.1929137041
rs12048321	1	67081360	5.1911262715
rs12044655	1	67081540	5.189049406
rs17577439	4	164661252	5.1879306624
rs340718	2	16403550	5.1849152631
rs340718	2	16403550	5.1849152631
rs340718	2	16403550	5.1849152631
rs340718	2	16403550	5.1849152631
rs4655644	1	67091805	5.1776703984
2:143360876:T_TA	2	143360876	5.1705321913
rs12128429	1	67034545	5.1691054443
rs6733329	2	143374610	5.1689913529
rs11208923	1	67082442	5.1683035943
rs4655624	1	67039711	5.167790087
rs12125455	1	67034992	5.1647839245
rs12032691	1	67083603	5.1617631293
rs12731104	1	67035541	5.160916831
rs12731112	1	67035565	5.1601713904
rs12041078	1	67032043	5.1567541372
rs35902414	1	67066985	5.1562509863
rs201733706	1	67083715	5.154373683
rs12139975	1	67066035	5.153967991
rs6729364	2	143373743	5.1539277522
rs200019397	2	221750713	5.1528038103
rs4655622	1	67037414	5.1522429282
rs35446253	2	47478648	5.1516285792
rs10886308	10	120571165	5.1513257299
rs12131909	1	67037898	5.1488517681
rs4655504	1	67091804	5.1457176476
rs2121041	1	67036779	5.1456599449
rs11208909	1	67037677	5.145569458
rs1975523	1	67036875	5.144929908
rs1975523	1	67036875	5.144929908
rs1975523	1	67036875	5.144929908
rs1975523	1	67036875	5.144929908
rs78806356	2	29818790	5.143227018
rs11208941	1	67133111	5.1406569178
rs34944737	2	47478759	5.1402302425
rs4655619	1	67035886	5.1369080317
rs12751879	1	67035642	5.1356598225
rs12129319	1	67084783	5.1327169939
rs4655623	1	67039540	5.1299175447
rs77651109	2	179341549	5.1262621643
rs1159851	1	67040243	5.1244254145
rs1159851	1	67040243	5.1244254145
rs1159851	1	67040243	5.1244254145
rs1159851	1	67040243	5.1244254145
rs71490868	10	64131104	5.1236112473
rs4655621	1	67037315	5.1227899605
rs4655626	1	67039795	5.1222285273
rs149020940	1	67131223	5.1214293778
rs6742980	2	143355606	5.1203439724
rs340724	2	16390699	5.1198698161
rs340724	2	16390699	5.1198698161
rs340724	2	16390699	5.1198698161
rs340724	2	16390699	5.1198698161
rs34208086	1	67031696	5.1191092702
rs4655497	1	67039235	5.1148497581
rs340726	2	16389621	5.1107857256
rs77487795	18	76075139	5.1104557207
rs116768840	2	143377936	5.1094537972
rs12121959	1	67038889	5.1091962776
rs111331886	2	143377933	5.1088105633
rs4655496	1	67039153	5.1084709049
rs1373910	1	67040926	5.1063985627
rs11799970	1	67038634	5.1063730399
rs35297053	2	47478632	5.1031685609
rs73851524	3	106962871	5.1020629661
rs12039010	1	67130519	5.0935399683
rs12741427	1	67040589	5.0904985284
rs67687377	1	67129841	5.0865284218
rs70997505	2	143372679	5.0862581829
rs340728	2	16388766	5.0833407971
rs340723	2	16391971	5.0789818638
rs11806387	1	67038549	5.0776581566
rs2218498	1	67040489	5.0682823423
rs71350013	2	143366958	5.0674917367
rs75881253	2	143366869	5.0649892825
rs1159852	1	67040380	5.0648001743
rs77507593	10	93952038	5.0604962225
rs35248098	2	16388631	5.0584607416
rs340722	2	16392914	5.0565277435
rs340722	2	16392914	5.0565277435
rs340722	2	16392914	5.0565277435
rs340722	2	16392914	5.0565277435
rs73217059		70523276	5.0556328261
rs61308451	3	106962503	5.0553781785
rs201865919	15	92469834	5.0450410134
rs12052917	2	143371523	5.0428416041
rs35849264	2	143373045	5.0424386826
rs11198633	10	120575026	5.0393836892
rs1536114	1	67107406	5.0361333459
rs7910306	10	120573914	5.0323593717
rs13019739	2	143372694	5.0297624086
rs12746750	1	67125952	5.0294546212
rs36005491	2	143363347	5.0279597052
rs6595843	5	127914264	5.0252907781
rs62176135	2	179351409	5.0251655847
rs35151672	2	16388028	5.0230812706
rs7569125	2	220534468	5.0211021883
rs7569125	2	220534468	5.0211021883
rs7569125	2	220534468	5.0211021883
rs7569125	2	220534468	5.0211021883
rs35301679	2	143360871	5.0208182444
rs10493410	1	67022414	5.0174623909
rs34061183	2	143373430	5.0152189348
rs12999485	2	143373354	5.0142336786
rs12052916	2	143371504	5.0139456677
rs67694516	2	143373203	5.0138577772
rs16857723	2	143364582	5.0135364107
rs12998819	2	143373001	5.0132358771
rs6732729	2	143374116	5.0131937922
rs7591354	2	143364184	5.0129923781
rs10496926	2	143365173	5.012539761
rs10496926	2	143365173	5.012539761
rs10496926	2	143365173	5.012539761
rs10496926	2	143365173	5.012539761
rs6758333	2	143373907	5.0123882487
rs6757968	2	143373673	5.0123015663
rs10496927	2	143364927	5.0111713649
rs16857752	2	143379914	5.0100107642
rs9636216	2	143379333	5.0098250357
rs66530819	2	143372286	5.0092953906
rs4655625	1	67039730	5.0087827876
rs6716916	2	143377644	5.0085227266
rs180443	2	16392740	5.0082375917
rs6731781	2	143377394	5.0080437715
rs13027590	2	143377136	5.0077257928
rs16855181	2	143376469	5.0068672203
rs13021791	2	143376832	5.006389205
rs13009383	2	143362483	5.0063389646
rs36075523	2	143364710	5.0061658119
rs13019508	2	143379881	5.0056322486
rs59432016	2	143376433	5.0039044341
rs16857734	2	143376206	5.0036407079
rs6717188	2	143377869	5.0030713077
rs4879325	9	29257121	5.0029908379
rs16857733	2	143376028	5.0026372097
rs55815637	3	106960910	5.0025441515
rs35168593	2	143375949	5.0022629137
rs13033950	2	143374789	5.0021131983
rs34003263	2	143375919	5.0020516685
rs6719530	2	143374245	5.0020342148
rs34510348	2	143375861	5.0015549488
rs4328581	2	143375072	5.000659325
rs6739047	2	143363680	4.9994271093
rs66520551	2	143391533	4.9993360372
rs12127884	1	67088657	4.999058602
rs11697492	20	50981237	4.9986297932
rs11697492	20	50981237	4.9986297932
rs11697492	20	50981237	4.9986297932
rs11697492	20	50981237	4.9986297932
rs16857715	2	143363215	4.9983008937
rs16857716	2	143363229	4.9980370886
rs12116888	1	67088528	4.9979981801
rs117571868	10	93777350	4.9975531421
rs35787838	2	143389266	4.997358851
rs6706249	2	143391054	4.9971085596
rs12127654	1	67095264	4.9968713474
rs12991554	2	143391232	4.9963542429
rs12126819	1	67087568	4.9952875074
rs11208926	1	67087472	4.9943776932
rs6748110	2	143390651	4.9943219647
rs16857714	2	143363158	4.9940862693
rs78302771	1	67086105	4.9939791773
rs13031355	2	143390090	4.9939063698
rs4655641	1	67089764	4.9936195415
rs10064719	5	37432583	4.992892617
rs13028061	2	143361185	4.9926448856
rs11276936	2	143361947	4.9923802255
rs7581025	2	143361795	4.9923076855
rs13031343	2	143390071	4.9922052968
rs7594877	2	143361852	4.9921114617
rs11208931	1	67091213	4.9920773449
rs12120279	1	67086514	4.9906256012
rs13033843	2	143360795	4.9905491042
rs4655503	1	67091762	4.9904938648
rs16857687	2	143360629	4.9902135268
rs13025845	2	143382523	4.9901922964
rs13008252	2	143390060	4.9900097582
rs4655645	1	67093676	4.9899079098
rs16857683	2	143359951	4.9894032638
rs13025029	2	143359024	4.9889119037
rs16857718	2	143363458	4.9875044422
rs12991518	2	143384919	4.9848708676
rs12991527	2	143384925	4.9845438386
rs6759402	2	143389809	4.9763525327
rs6744192	2	143389708	4.9750712332
rs13001930	2	143389481	4.9747760848
rs4462119	1	67085295	4.9734708211
rs4462119	1	67085295	4.9734708211
rs4462119	1	67085295	4.9734708211
rs4462119	1	67085295	4.9734708211
rs67778191	2	143388902	4.971725698
rs67986859	2	143388830	4.9706162223
rs66773660	2	143388385	4.9701618714
rs6751237	2	143387850	4.9700767336
rs72996174	2	143387305	4.9695541095
rs79993166	12	24972197	4.969270778
rs6735878	2	143387698	4.9688986804
rs17097257	1	67082088	4.9682805711
rs340730	2	16387945	4.9648265111
rs6736428	2	143387913	4.9631276806
rs34571904	2	143382605	4.9620558448
rs35498176	2	143382634	4.9613361327
rs34143068	2	143383849	4.9610700221
rs201545973	11	112916069	4.9610700221
rs36056800	2	143382716	4.9601458601
rs13020038	2	143381840	4.9596469168
rs13019889	2	143381917	4.9595519449
rs11280526	1	67082090	4.9576529164
rs16857756	2	143380327	4.9566259313
rs9636208	2	143380612	4.9560132587
rs13025041	2	143382133	4.9559936361
rs12040170	1	67096301	4.9523980743
rs8009347	14	73559566	4.950785855
rs1017749	2	143381325	4.9439722419
rs12996198	2	143381730	4.9415777718
rs12993708	2	143372957	4.9411641707
rs1017750	2	143381137	4.9411262453
rs12993693	2	143372885	4.9411148684
rs12993488	2	143372887	4.940633517
rs1017751	2	143381084	4.9381330279
rs12124690	1	67021987	4.9352687907
rs9636218	2	143379466	4.9310316288
rs200286084	2	143379463	4.9306982855
rs9636217	2	143379465	4.9304835997
rs116153403	3	83532154	4.922105446
rs4836381	5	127922270	4.9216084398
rs6883598	5	127926190	4.9174695384
rs17491161	3	83322527	4.9174551734
rs7976847	12	128918858	4.9172361655
rs4752205	10	120578756	4.9168020665
rs876414	10	120577700	4.9152736215
rs876414	10	120577700	4.9152736215
rs876414	10	120577700	4.9152736215
rs876414	10	120577700	4.9152736215
rs140292036	15	46624168	4.9121121505
rs34827051	2	143383638	4.9073074205
rs12131306	1	67086547	4.9072793553
rs4752206	10	120580420	4.9056476809
rs116781920	2	143382470	4.90041258
rs114729502	2	143382472	4.8995260637
rs340729	2	16388004	4.8961415682
rs340729	2	16388004	4.8961415682
rs340729	2	16388004	4.8961415682
rs340729	2	16388004	4.8961415682
rs703812	16	4764349	4.8949601297
rs17052362	17	21730549	4.8854123656
rs72679375	1	49046127	4.8839936455
rs10886312	10	120578585	4.8833590543
rs17585461	17	49615545	4.8808959423
rs148948944	7	146790860	4.8755609894
rs17600549	15	51401053	4.8753164864
rs138795200	18	76119754	4.8726975454
rs200640465	4	90780795	4.8683620911
rs56360439	11	112915365	4.8661833597
rs6878310	5	127932404	4.8644920767
rs1071181	5	81619915	4.8608642559
rs1071181	5	81619915	4.8608642559
rs1071181	5	81619915	4.8608642559
rs1071181	5	81619915	4.8608642559
rs56009358	3	106965673	4.8606656968
rs62018217	15	51400389	4.8599981955
rs57011777	15	88113995	4.8585031936
rs6859278	5	127932658	4.8579454577
rs6859278	5	127932658	4.8579454577
rs6859278	5	127932658	4.8579454577
rs6859278	5	127932658	4.8579454577
rs115166323	1	49042103	4.8529299473
rs17143920	7	21170478	4.8501591518
rs17143920	7	21170478	4.8501591518
rs17143920	7	21170478	4.8501591518
rs17143920	7	21170478	4.8501591518
rs1370722	1	80338715	4.849830177
rs1370722	1	80338715	4.849830177
rs1370722	1	80338715	4.849830177
rs1370722	1	80338715	4.849830177
rs75783989	3	82996283	4.8460144991
rs139621045	2	179293601	4.8456612507
rs72094612	10	120579852	4.844378576
rs34786941	6	8833876	4.8439811691
rs78741618	11	112916070	4.838413408
rs929978	11	125642489	4.8302197967
rs4602839	7	54894839	4.821950153
rs10073671	5	127935174	4.8134589559
rs13174217	5	127935410	4.809962601
rs4593317	5	127944989	4.80399801
rs11082089	18	36123469	4.8033651592
rs114615263	4	90774153	4.796888207
rs17424343	3	83165037	4.7950962805
rs74852068	2	167932923	4.7931876116
rs17600569	15	51404318	4.7926214921
rs7980797	12	128919798	4.7891519799
rs7980797	12	128919798	4.7891519799
rs7980797	12	128919798	4.7891519799
rs7980797	12	128919798	4.7891519799
rs441865	5	19520932	4.784296359
rs441865	5	19520932	4.784296359
rs441865	5	19520932	4.784296359
rs441865	5	19520932	4.784296359
rs12726588	1	67113648	4.7801588496
rs200821706	4	90761269	4.7734593794
rs7043418	9	29248298	4.7733691669
rs13241724	7	21185221	4.7696277256
rs13241724	7	21185221	4.7696277256
rs13241724	7	21185221	4.7696277256
rs13241724	7	21185221	4.7696277256
rs11208938	1	67117830	4.7695383054
rs59123936	20	41017727	4.769078721
rs12731043	1	67093270	4.7680337018
rs7771042	6	8846976	4.7665216081
rs62018226	15	51425538	4.7625593185
5:81579072:AG_A	5	81579072	4.7608882968
rs1998717	1	67120544	4.7565749813
rs182526117		86240087	4.7557154554
rs71561141	6	8846494	4.7526602349
rs7572994	2	62418558	4.748500484
rs7572994	2	62418558	4.748500484
rs7572994	2	62418558	4.748500484
rs7572994	2	62418558	4.748500484
rs347729	5	19523169	4.7462356648
rs78353744	18	76106233	4.7439223841
rs67369163	11	13068103	4.7431355902
rs9968993	6	8848988	4.741848997
rs1998718	1	67120638	4.7381402379
rs114704223	2	179630244	4.7376580909
rs200783684	12	40865024	4.7372571055
rs56040450	9	124681445	4.7342579251
rs113624594	13	112192009	4.7342485041
rs138685477	3	151730520	4.7319418077
rs12032485	1	67118747	4.7294376123
rs34379522	17	49567399	4.7273370303
rs57719351	10	123785090	4.718714315
rs17425778	3	83384799	4.7177042403
rs17425778	3	83384799	4.7177042403
rs17425778	3	83384799	4.7177042403
rs17425778	3	83384799	4.7177042403
rs7487823	12	38816745	4.717278217
rs34850357	6	8850982	4.7127605303
rs7110899	11	125642222	4.7090687729
rs181468798	6	152797960	4.7090287687
rs77103491	2	167918103	4.7036617503
rs74522764	18	76090180	4.6995610468
rs80340938	3	151726414	4.6986856346
rs113763190	3	83024548	4.6975565071
rs200963446	3	151728109	4.6973509362
rs347693	5	19528405	4.6970805963
rs4655649	1	67114434	4.6959728807
rs75827593	3	151717479	4.6920036351
rs114690225	2	143377938	4.6918028112
rs9635759	17	49613785	4.6902995847
rs9635759	17	49613785	4.6902995847
rs9635759	17	49613785	4.6902995847
rs9635759	17	49613785	4.6902995847
rs865646	5	79942357	4.6880428096
rs865646	5	79942357	4.6880428096
rs865646	5	79942357	4.6880428096
rs865646	5	79942357	4.6880428096
rs74282385	3	83139610	4.6861391044
rs75347666	18	76102307	4.6860505666
rs2867436	20	40996504	4.6848360505
rs7108977	11	13067580	4.6830174812
rs35520822	1	67114933	4.6807585702
rs2867435	20	40996444	4.6790046571
rs78608871	3	45733641	4.6763560769
rs34199501	2	143442227	4.670327595
rs353812	9	89055968	4.6688015529
rs77851215	3	83052642	4.6662022069
rs10813034	9	29246131	4.6656467916
rs74826039	3	83142969	4.6584032636
rs58834616	1	80548612	4.6555153749
rs61081800	1	80524919	4.6546752896
rs61456761	8	10147629	4.6538309549
rs10766026	11	13068239	4.6529570066
rs2183358	9	29254483	4.6524104615
rs2183358	9	29254483	4.6524104615
rs2183358	9	29254483	4.6524104615
rs2183358	9	29254483	4.6524104615
rs148697545	2	179300060	4.6511774083
rs11769539	7	21176814	4.6481418762
rs74897671	18	76099081	4.6431847126
rs2461220	10	123781896	4.6430548713
rs2461221	10	123781339	4.640606623
rs2461221	10	123781339	4.640606623
rs2461221	10	123781339	4.640606623
rs2461221	10	123781339	4.640606623
rs4752208	10	120585915	4.6384761415
rs4752208	10	120585915	4.6384761415
rs4752208	10	120585915	4.6384761415
rs4752208	10	120585915	4.6384761415
rs56135139	13	112193053	4.6375288351
rs17782889	12	90114743	4.637421403
rs17782889	12	90114743	4.637421403
rs17782889	12	90114743	4.637421403
rs17782889	12	90114743	4.637421403
rs201244925	2	143442231	4.6367961855
rs11125911	2	62419208	4.6308806632
rs74624820	5	170026677	4.6281658686
rs144198596	17	21727894	4.6279980238
rs4541789	6	8831279	4.6259724109
rs73138787	5	81568934	4.6221584976
rs150605399		79248173	4.6217384053
rs9353661	6	89986029	4.6150626616
rs3739	5	81569311	4.6136526627
rs3738	5	81569293	4.6114689815
rs117955673	19	32756336	4.6096620168
rs140651671	10	120542727	4.6072274474
rs694506	18	76106399	4.6064686671
rs34949303	5	127954291	4.6050390224
rs7993240	13	85107692	4.6029277094
rs35247336	17	8744253	4.5996122697
rs9635758	17	49612200	4.5992099685
rs9635758	17	49612200	4.5992099685
rs9635758	17	49612200	4.5992099685
rs9635758	17	49612200	4.5992099685
rs181933976	3	80031491	4.5951355077
rs10127983	1	153923276	4.5896412401
rs10127983	1	153923276	4.5896412401
rs10127983	1	153923276	4.5896412401
rs10127983	1	153923276	4.5896412401
rs151104795	7	151527952	4.5888181758
rs10414149	19	52127744	4.587181748
rs10414149	19	52127744	4.587181748
rs10414149	19	52127744	4.587181748
rs10414149	19	52127744	4.587181748
rs113489222	1	153863426	4.5794815196
rs9906022	17	8745666	4.5734236807
rs142322534	5	116079209	4.5732204373
rs35079125	5	127876229	4.5727736364
rs10495696	2	19693806	4.5723727195
rs10495696	2	19693806	4.5723727195
rs10495696	2	19693806	4.5723727195
rs10495696	2	19693806	4.5723727195
rs929977	11	125642490	4.5721407787
rs11985030	8	6895741	4.5713874209
rs566556	18	10121179	4.5634366507
rs566556	18	10121179	4.5634366507
rs566556	18	10121179	4.5634366507
rs566556	18	10121179	4.5634366507
rs567479	18	10121102	4.5592199666
rs138857237		79234646	4.5584148262
rs1836799	11	112931624	4.5576786127
rs568465	18	10120988	4.5549814772
rs1255179	11	95472097	4.5529334904
rs12433157	14	73523898	4.552211149
rs1255182	11	95472391	4.5513385028
rs1255182	11	95472391	4.5513385028
rs1255182	11	95472391	4.5513385028
rs1255182	11	95472391	4.5513385028
rs66895439	17	8752857	4.5481491157
rs1255178	11	95471908	4.5479880355
rs347725	5	19527265	4.5478822153
rs138508405		79225917	4.546869793
rs2397227	6	56839507	4.546770363
rs2397227	6	56839507	4.546770363
rs2397227	6	56839507	4.546770363
rs2397227	6	56839507	4.546770363
rs10477683	5	127669973	4.5443011059
rs34234481	15	38937763	4.5434745524
rs7423376	2	167934840	4.5396750824
rs75171949	5	101110228	4.5395908255
rs6894520	5	81594748	4.5388737994
rs73112681	7	37385186	4.526591867
rs1255176	11	95471465	4.5253045276
rs10493659	1	80523186	4.5245627255
rs12591073	15	47947650	4.5207285287
rs115430362	5	165306567	4.520593143
rs57843316	12	90115970	4.519212891
rs7711017	5	127934429	4.5180330947
rs7711017	5	127934429	4.5180330947
rs7711017	5	127934429	4.5180330947
rs7711017	5	127934429	4.5180330947
rs226206	5	81593019	4.5174308149
rs226206	5	81593019	4.5174308149
rs226206	5	81593019	4.5174308149
rs226206	5	81593019	4.5174308149
rs11620026	13	85116667	4.5152262552
rs11620026	13	85116667	4.5152262552
rs11620026	13	85116667	4.5152262552
rs11620026	13	85116667	4.5152262552
rs117040849	12	90119356	4.5128163584
rs12996398	2	62419968	4.5124968007
rs148720443	3	45741187	4.5123003753
rs9294428	6	89985195	4.5121534676
rs1163878	13	112193925	4.5102594252
rs9949165	18	10119111	4.5094389862
rs3935200	5	127971553	4.5084394168
rs6870335	5	81590070	4.5075455402
rs1016031	11	95473365	4.5070720699
rs10125183	9	16309454	4.5053904703
rs73970078	18	76089064	4.5027703221
rs2245880	10	123783048	4.5015378143
rs153287	5	165408838	4.5011245416
rs8005215	14	73530678	4.5007446777
rs8005215	14	73530678	4.5007446777
rs8005215	14	73530678	4.5007446777
rs8005215	14	73530678	4.5007446777
rs80133678	1	236066976	4.4999818254
rs80133678	1	236066976	4.4999818254
rs80133678	1	236066976	4.4999818254
rs80133678	1	236066976	4.4999818254
rs4752209	10	120586181	4.4999117926
rs1689582	12	58149446	4.4958976625
rs67803540	10	119700656	4.4952424211
rs79362436	18	76128452	4.4946356417
rs12443328	15	59561741	4.4941218321
rs12443328	15	59561741	4.4941218321
rs12443328	15	59561741	4.4941218321
rs12443328	15	59561741	4.4941218321
rs4752210	10	120586203	4.4938563535
rs140221816	1	80520068	4.4936722392
rs72179310	12	40997286	4.4916911877
rs4240408	5	127960937	4.4903419092
rs4277962	5	127977138	4.4902962443
rs116469904	4	90904219	4.4893048892
rs4415123	5	127961022	4.4886983148
rs4752211	10	120586265	4.4885444627
rs2296329	6	33650743	4.4877386333
rs2296329	6	33650743	4.4877386333
rs2296329	6	33650743	4.4877386333
rs2296329	6	33650743	4.4877386333
rs72487703	3	83116643	4.4875931287
rs147482072	1	180979240	4.4861859878
rs6738801	2	167922871	4.4860582917
rs6738801	2	167922871	4.4860582917
rs6738801	2	167922871	4.4860582917
rs6738801	2	167922871	4.4860582917
rs11902971	2	143553738	4.4859625442
rs140293866	1	180980621	4.4848749001
rs862241	5	81588011	4.4829704595
rs862241	5	81588011	4.4829704595
rs862241	5	81588011	4.4829704595
rs862241	5	81588011	4.4829704595
rs10273378	7	97808903	4.4821577617
rs862242	5	81587566	4.4820299266
rs7251848	19	52118298	4.4820075264
rs7251848	19	52118298	4.4820075264
rs7251848	19	52118298	4.4820075264
rs7251848	19	52118298	4.4820075264
rs4486095	7	740773	4.4815202786
rs9816162	3	20581245	4.4815005368
rs5871315	5	127955850	4.479644875
rs118098604	7	41245307	4.4781561076
rs10478816	5	127961447	4.4780216112
rs12912979	15	38925392	4.4764824433
rs57653796	1	80519376	4.476149523
rs862243	5	81586829	4.4760949276
rs862244	5	81586801	4.4748851929
rs78511758	3	184545627	4.4744524803
rs13207860	6	8840951	4.4743022976
rs1530878	19	52124643	4.4732227714
rs7692743	4	188114879	4.4704644215
rs7692743	4	188114879	4.4704644215
rs7692743	4	188114879	4.4704644215
rs7692743	4	188114879	4.4704644215
rs62148375	2	62420656	4.4697759615
rs1836798	11	112931625	4.4696030565
rs7251908	19	52123744	4.468691002
rs57374050	2	68077145	4.4674876707
rs35537926	2	221749567	4.4665075658
rs60454446	5	127980748	4.4655956384
rs226194	5	81585026	4.4646704288
rs4757090	11	13035591	4.4644451283
rs10768608	11	40572866	4.4642907764
rs11581644	1	153890988	4.4640631441
rs11887218	2	143553486	4.4607595029
rs9327479	5	127962841	4.459646746
rs13185878	5	127962298	4.4593940165
rs13185878	5	127962298	4.4593940165
rs13185878	5	127962298	4.4593940165
rs13185878	5	127962298	4.4593940165
rs186556609	7	17370314	4.4589039902
rs782118	12	58843966	4.4567293073
rs782118	12	58843966	4.4567293073
rs782118	12	58843966	4.4567293073
rs782118	12	58843966	4.4567293073
rs13210904	6	8841076	4.4565341811
rs2278196	2	179400895	4.4557533112
rs2278196	2	179400895	4.4557533112
rs2278196	2	179400895	4.4557533112
rs2278196	2	179400895	4.4557533112
rs73116773	7	37428297	4.4537510781
rs3731752	2	179398509	4.4501657492
rs3731752	2	179398509	4.4501657492
rs3731752	2	179398509	4.4501657492
rs3731752	2	179398509	4.4501657492
rs946682	1	153919756	4.4488929372
rs946682	1	153919756	4.4488929372
rs946682	1	153919756	4.4488929372
rs946682	1	153919756	4.4488929372
rs7761410	6	8839708	4.447463187
rs143483698	12	41003494	4.4455168971
rs6897794	5	127983935	4.4443929269
rs74671872	2	47477442	4.4437638548
rs226203	5	81570394	4.4432465497
rs1533874	4	181921632	4.4431296687
rs4588725	6	8838259	4.443059796
rs4588725	6	8838259	4.443059796
rs4588725	6	8838259	4.443059796
rs4588725	6	8838259	4.443059796
rs10040385	5	26723080	4.4415554456
rs201175917	1	153829632	4.4412470425
rs75872464	4	154076764	4.4405099231
rs9396250	6	56871297	4.4394477971
rs12731985	1	80286308	4.4389630494
rs73112687	7	37386301	4.4382643417
rs4285279	5	127943373	4.4373669723
rs35653616	15	47948855	4.4371922368
rs3841117	5	19521812	4.4369914372
rs16940613	15	88113471	4.4364750127
rs12014989		28292438	4.4363718015
rs12014989		28292438	4.4363718015
rs12014989		28292438	4.4363718015
rs12014989		28292438	4.4363718015
rs1446761	13	85118683	4.4358798093
rs35385614	6	8799777	4.4356582985
rs10559	1	153920564	4.435361154
rs10559	1	153920564	4.435361154
rs10559	1	153920564	4.435361154
rs10559	1	153920564	4.435361154
rs8450	1	153920286	4.4342206353
rs8450	1	153920286	4.4342206353
rs8450	1	153920286	4.4342206353
rs8450	1	153920286	4.4342206353
rs1435740	15	47949541	4.433508298
rs76577193	20	10807191	4.4332008446
rs118030803	11	131137158	4.4318910136
rs17236509	15	59559968	4.4317325499
rs10837433	11	40559715	4.4312434378
rs150659004	15	77881895	4.4309703847
rs7568387	2	167921007	4.4309422688
rs7902367	10	120587658	4.4301931823
rs1043608	1	153909069	4.4296602454
rs7607326	2	167920834	4.4293356614
rs138949250	17	16309769	4.428026946
rs11887159	2	143553331	4.4278838443
rs11887159	2	143553331	4.4278838443
rs7691881	4	188114654	4.4277279986
rs4131903	11	13049027	4.4275187415
rs1928686	9	29255582	4.4274815508
rs11686874	2	62419708	4.4259409383
rs12908166	15	38893720	4.4253935284
rs4845357	1	153896212	4.4252062019
rs4237695	11	13049763	4.4250039338
rs56220175	8	10147256	4.4249866009
rs143558628	7	17345460	4.4223370437
rs61125165	10	27496212	4.4218388916
rs112223794	5	165456828	4.4217127226
rs60752110	2	167920054	4.421693227
rs114270143	5	107052287	4.4207104085
rs67388030	5	81579071	4.4200609995
rs4879324	9	29246945	4.4172834131
rs73333725	14	92825946	4.4167297944
rs75425092	13	85119492	4.4148608803
rs117138952	15	46636918	4.4134160707
rs1561702	11	13067056	4.4125921369
rs13029982	2	62417075	4.4111962582
rs11264559	1	153874688	4.4093676754
rs6680140	1	153917369	4.4084601563
rs10766025	11	13050414	4.4059822317
rs77427482	3	82861345	4.4058738544
rs10796968	1	153899330	4.4057610822
rs9444683	6	89985462	4.4010082548
rs10942289	5	81343677	4.4006792558
rs26445	5	165337888	4.3996327086
rs26445	5	165337888	4.3996327086
rs26445	5	165337888	4.3996327086
rs26445	5	165337888	4.3996327086
rs1363470	5	128005337	4.398922625
rs4262508	1	38468529	4.3985691054
rs6101206	20	59616638	4.3979986424
rs331093	5	127714019	4.3956065273
rs11264619	1	153904338	4.3947326734
rs61960166	13	85102438	4.3944030078
rs11264620	1	153904574	4.3943599328
rs11586593	1	153904214	4.3943340898
rs862245	5	81585737	4.3909565444
rs10051131	5	127991878	4.3902946304
rs76120395	1	80525936	4.3894015792
rs72648270	2	179404628	4.389349417
rs58095661	1	153907839	4.3884933624
rs11346477	5	81571266	4.387894596
rs226202	5	81571669	4.3865101944
rs226202	5	81571669	4.3865101944
rs226202	5	81571669	4.3865101944
rs226202	5	81571669	4.3865101944
rs10768607	11	40568970	4.3864404027
rs347726	5	19525100	4.3862511757
rs202069879	1	4565696	4.3859880863
rs353801	9	89048969	4.3855995551
rs178931	5	81575601	4.3843728975
rs201808430	17	8718823	4.3841803614
rs58487017	15	59563319	4.3838764755
rs12032914	1	153886762	4.3832756389
rs3748848	1	153901302	4.3821507824
rs3748848	1	153901302	4.3821507824
rs3748848	1	153901302	4.3821507824
rs3748848	1	153901302	4.3821507824
rs3748849	1	153901149	4.3819173704
rs226197	5	81574925	4.3808210717
rs12864268	13	74884758	4.3806467968
rs111772743	5	81569088	4.3797296157
rs7118947	11	40568930	4.3790190908
rs1572788	1	153903883	4.3779155592
rs12145134	1	35355830	4.3776885567
rs12042562	1	153856364	4.3772845994
rs7537691	1	153858720	4.3772773523
rs7060464		127887754	4.3770724134
rs6880209	5	81574182	4.3759242689
rs6880209	5	81574182	4.3759242689
rs6880209	5	81574182	4.3759242689
rs6880209	5	81574182	4.3759242689
rs4845358	1	153896425	4.3755838197
rs12043350	1	153854380	4.3745280626
rs12043350	1	153854380	4.3745280626
rs12043350	1	153854380	4.3745280626
rs12043350	1	153854380	4.3745280626
rs369587	5	19523733	4.3743244166
rs76972435	3	151808802	4.3742688934
rs12284749	11	40555065	4.3741249774
rs61219911	1	153907908	4.3732850484
rs55709210	3	37704620	4.3727027756
rs10806407	6	89993166	4.3726812628
rs186581829	15	38857272	4.3720650171
rs7945461	11	40579533	4.3714690533
rs7945461	11	40579533	4.3714690533
rs7945461	11	40579533	4.3714690533
rs7945461	11	40579533	4.3714690533
rs226199	5	81572464	4.371207619
rs347730	5	19523074	4.3705853036
rs347730	5	19523074	4.3705853036
rs347730	5	19523074	4.3705853036
rs347730	5	19523074	4.3705853036
rs111975550	1	153884872	4.3700096911
rs60537375	12	40903354	4.3699974739
rs11586075	1	153908309	4.3691410957
rs7989608	13	85122938	4.36897957
rs4845583	1	153883881	4.3688241962
rs12028398	1	153883283	4.3683928939
rs1446781	13	85092937	4.3667416726
rs1446781	13	85092937	4.3667416726
rs1446781	13	85092937	4.3667416726
rs1446781	13	85092937	4.3667416726
rs16866380	2	179395560	4.3665537647
rs11589043	1	153860453	4.3665376044
rs11264567	1	153875689	4.3660207914
rs11577942	1	153877724	4.3651128123
rs149994650	3	18550864	4.364457949
rs35657063		12429517	4.3643604579
rs77157663	1	226111945	4.3633727105
rs11080387	18	10119439	4.3616984787
rs11764703	7	21236534	4.3616505385
rs10515939	2	179392785	4.36050355
rs7732421	5	128394089	4.3603392303
rs201176438	4	101431071	4.3602327046
4:101431077:A_AGT	4	101431077	4.360214787
rs138024468	1	46292525	4.3584098948
rs782119	12	58843985	4.3582582562
rs782119	12	58843985	4.3582582562
rs782119	12	58843985	4.3582582562
rs782119	12	58843985	4.3582582562
rs34230743	20	51235956	4.3582275385
rs6671132	1	153879744	4.3581294545
rs12022158	1	153870649	4.3573070159
rs12401565	1	153869946	4.3568840322
rs10027532	4	188114435	4.3566875048
rs6427329	1	153867805	4.3565947037
rs11264532	1	153865536	4.354869651
rs11264532	1	153865536	4.354869651
rs11264532	1	153865536	4.354869651
rs11264532	1	153865536	4.354869651
rs58786181	13	85123417	4.3546248964
rs146665425	13	85119730	4.3542928797
rs12940048	17	8752666	4.3542526228
rs10908557	1	153927052	4.3538237743
rs62148369	2	62408102	4.3532062702
rs226196	5	81576965	4.3530348969
rs11976146	7	8271700	4.3527725821
rs13004362	2	62408114	4.3526228988
rs71281934		2610709	4.3519817033
rs7489712	13	107922198	4.3519240812
rs12876529	13	74883299	4.3514780127
rs34976891		67901782	4.3512692891
rs405502	9	89053484	4.3505385717
rs11586830	1	153860305	4.3490585007
rs12629266	3	37715730	4.3489682853
rs12629266	3	37715730	4.3489682853
rs12629266	3	37715730	4.3489682853
rs12629266	3	37715730	4.3489682853
rs353799	9	89045679	4.3471041541
15:47933445:TATC_	15	47933445	4.346739234
rs12998341	2	62407717	4.3457319867
rs9936480	16	4386641	4.3455202319
rs10437589	11	40554485	4.3453355122
rs17676426	5	127621796	4.3439411068
rs1476360	6	11956128	4.3428045066
rs12960702	18	10119348	4.342246393
rs12575544	11	112918985	4.3422072373
rs12575544	11	112918985	4.3422072373
rs12575544	11	112918985	4.3422072373
rs12575544	11	112918985	4.3422072373
rs12595001	15	59560525	4.3420086482
rs177407	14	73708754	4.3401094592
rs177407	14	73708754	4.3401094592
rs177407	14	73708754	4.3401094592
rs177407	14	73708754	4.3401094592
rs6767365	3	83401956	4.3397807548
rs72772385	2	6409198	4.3397304261
rs11591134	1	153868966	4.3390937495
rs465425	9	89052524	4.3390435004
rs5932512		127944292	4.3383917364
rs1110165	1	153913699	4.3368543089
rs1110165	1	153913699	4.3368543089
rs1110165	1	153913699	4.3368543089
rs1110165	1	153913699	4.3368543089
rs6585513	10	120588099	4.3367015251
rs145472408	1	46182192	4.3365629345
rs11587151	1	153837181	4.3342595781
rs12022730	1	153872615	4.3338687511
rs1882075	7	37435506	4.3337638407
rs1882075	7	37435506	4.3337638407
rs1882075	7	37435506	4.3337638407
rs1882075	7	37435506	4.3337638407
rs191703207	12	25039413	4.3334520691